Time	KineticEnergy	Potential Energy	Temperature
0	1036.33	-7379.9	0.79964
0.005	1007.82	-7351.36	0.777639
0.01	961.007	-7304.49	0.741518
0.015	897.229	-7240.61	0.692306
0.02	818.74	-7161.94	0.631744
0.025	728.989	-7071.92	0.562492
0.03	632.81	-6975.38	0.488279
0.035	536.355	-6878.5	0.413854
0.04	446.596	-6788.31	0.344596
0.045	370.365	-6711.73	0.285776
0.05	313.117	-6654.29	0.241602
0.055	277.856	-6619.03	0.214395
0.06	264.648	-6606	0.204204
0.065	270.877	-6612.51	0.20901
0.07	292.064	-6634.03	0.225358
0.075	322.909	-6665.19	0.249158
0.08	358.213	-6700.76	0.276399
0.085	393.514	-6736.25	0.303638
0.09	425.414	-6768.27	0.328251
0.095	451.655	-6794.57	0.348499
0.1	471.048	-6813.97	0.363463
0.105	483.308	-6826.19	0.372923
0.11	488.873	-6831.69	0.377217
0.115	488.724	-6831.45	0.377102
0.12	484.221	-6826.85	0.373627
0.125	476.963	-6819.49	0.368027
0.13	468.657	-6811.08	0.361618
0.135	460.989	-6803.32	0.355701
0.14	455.482	-6797.74	0.351452
0.145	453.35	-6795.56	0.349807
0.15	455.362	-6797.56	0.35136
0.155	461.774	-6803.99	0.356307
0.16	472.337	-6814.59	0.364458
0.165	486.402	-6828.71	0.37531
0.17	503.065	-6845.44	0.388168
0.175	521.303	-6863.73	0.40224
0.18	540.072	-6882.56	0.416722
0.185	558.355	-6900.9	0.43083
0.19	575.195	-6917.79	0.443823
0.195	589.716	-6932.35	0.455028
0.2	601.169	-6943.84	0.463865
0.205	608.982	-6951.67	0.469894
0.21	612.815	-6955.51	0.472851
0.215	612.592	-6955.27	0.472679
0.22	608.505	-6951.16	0.469525
0.225	600.989	-6943.6	0.463726
0.23	590.675	-6933.25	0.455768
0.235	578.32	-6920.84	0.446234
0.24	564.753	-6907.23	0.435766
0.245	550.829	-6893.26	0.425022
0.25	537.385	-6879.77	0.414649
0.255	525.21	-6867.56	0.405254
0.26	514.992	-6857.31	0.397371
0.265	507.267	-6849.57	0.391409
0.27	502.353	-6844.65	0.387618
0.275	500.323	-6842.64	0.386051
0.28	501.007	-6843.35	0.386579
0.285	504.042	-6846.41	0.388921
0.29	508.939	-6851.34	0.3927
0.295	515.148	-6857.58	0.39749
0.3	522.094	-6864.56	0.40285
0.305	529.208	-6871.7	0.408339
0.31	535.944	-6878.47	0.413537
0.315	541.799	-6884.35	0.418055
0.32	546.348	-6888.91	0.421565
0.325	549.267	-6891.84	0.423817
0.33	550.368	-6892.94	0.424666
0.335	549.613	-6892.18	0.424084
0.34	547.133	-6889.69	0.422171
0.345	543.221	-6885.75	0.419152
0.35	538.313	-6880.81	0.415365
0.355	532.953	-6875.41	0.411229
0.36	527.735	-6870.16	0.407203
0.365	523.23	-6865.63	0.403727
0.37	519.901	-6862.29	0.401158
0.375	518.038	-6860.42	0.399721
0.38	517.715	-6860.11	0.399471
0.385	518.8	-6861.21	0.400309
0.39	521.001	-6863.44	0.402007
0.395	523.925	-6866.39	0.404263
0.4	527.15	-6869.64	0.406752
0.405	530.281	-6872.79	0.409168
0.41	532.996	-6875.52	0.411263
0.415	535.078	-6877.6	0.412869
0.42	536.418	-6878.94	0.413903
0.425	537.008	-6879.53	0.414358
0.43	536.919	-6879.43	0.414289
0.435	536.282	-6878.78	0.413798
0.44	535.277	-6877.76	0.413022
0.445	534.115	-6876.59	0.412126
0.45	533.022	-6875.48	0.411283
0.455	532.22	-6874.67	0.410664
0.46	531.898	-6874.34	0.410415
0.465	532.192	-6874.63	0.410642
0.47	533.15	-6875.59	0.411381
0.475	534.715	-6877.17	0.412589
0.48	536.732	-6879.2	0.414145
0.485	538.985	-6881.47	0.415884
0.49	541.247	-6883.74	0.417629
0.495	543.327	-6885.83	0.419234
0.5	545.092	-6887.6	0.420595
0.505	546.462	-6888.97	0.421653
0.51	547.411	-6889.92	0.422385
0.515	547.962	-6890.46	0.42281
0.52	548.195	-6890.69	0.42299
0.525	548.239	-6890.72	0.423024
0.53	548.243	-6890.71	0.423027
0.535	548.334	-6890.8	0.423098
0.54	548.557	-6891.03	0.42327
0.545	548.825	-6891.31	0.423476
0.55	548.909	-6891.42	0.423541
0.555	548.504	-6891.03	0.423228
0.56	547.318	-6889.86	0.422313
0.565	545.168	-6887.71	0.420654
0.57	542.02	-6884.56	0.418225
0.575	537.99	-6880.51	0.415115
0.58	533.306	-6875.81	0.411501
0.585	528.279	-6870.76	0.407622
0.59	523.272	-6865.73	0.403759
0.595	518.674	-6861.11	0.400212
0.6	514.869	-6857.29	0.397275
0.605	512.191	-6854.6	0.395209
0.61	510.891	-6853.29	0.394206
0.615	511.102	-6853.5	0.394369
0.62	512.835	-6855.24	0.395706
0.625	515.979	-6858.4	0.398132
0.63	520.32	-6862.75	0.401481
0.635	525.555	-6868.01	0.405521
0.64	531.324	-6873.8	0.409972
0.645	537.245	-6879.74	0.414541
0.65	542.947	-6885.46	0.418941
0.655	548.1	-6890.63	0.422916
0.66	552.445	-6894.98	0.426269
0.665	555.82	-6898.36	0.428873
0.67	558.169	-6900.7	0.430686
0.675	559.528	-6902.05	0.431735
0.68	559.989	-6902.51	0.43209
0.685	559.662	-6902.18	0.431838
0.69	558.65	-6901.16	0.431057
0.695	557.037	-6899.55	0.429812
0.7	554.878	-6897.39	0.428146
0.705	552.202	-6894.71	0.426081
0.71	549.023	-6891.54	0.423629
0.715	545.372	-6887.88	0.420812
0.72	541.334	-6883.84	0.417696
0.725	537.086	-6879.57	0.414418
0.73	532.902	-6875.37	0.41119
0.735	529.128	-6871.57	0.408278
0.74	526.133	-6868.56	0.405967
0.745	524.243	-6866.65	0.404508
0.75	523.687	-6866.09	0.404079
0.755	524.55	-6866.96	0.404746
0.76	526.746	-6869.17	0.40644
0.765	530.011	-6872.46	0.408959
0.77	533.936	-6876.41	0.411987
0.775	538.024	-6880.53	0.415142
0.78	541.774	-6884.31	0.418036
0.785	544.753	-6887.31	0.420334
0.79	546.651	-6889.21	0.421798
0.795	547.314	-6889.88	0.42231
0.8	546.753	-6889.3	0.421877
0.805	545.116	-6887.65	0.420614
0.81	542.651	-6885.16	0.418712
0.815	539.655	-6882.15	0.4164
0.82	536.443	-6878.91	0.413922
0.825	533.337	-6875.79	0.411526
0.83	530.652	-6873.08	0.409454
0.835	528.664	-6871.08	0.40792
0.84	527.564	-6869.98	0.407071
0.845	527.417	-6869.83	0.406958
0.85	528.144	-6870.57	0.407518
0.855	529.545	-6871.99	0.4086
0.86	531.35	-6873.81	0.409992
0.865	533.269	-6875.75	0.411473
0.87	535.053	-6877.54	0.412849
0.875	536.522	-6879.01	0.413983
0.88	537.581	-6880.07	0.4148
0.885	538.198	-6880.69	0.415276
0.89	538.37	-6880.86	0.415409
0.895	538.091	-6880.58	0.415194
0.9	537.333	-6879.83	0.414609
0.905	536.052	-6878.55	0.41362
0.91	534.212	-6876.71	0.4122
0.915	531.825	-6874.32	0.410359
0.92	528.987	-6871.47	0.408169
0.925	525.892	-6868.36	0.405781
0.93	522.832	-6865.28	0.40342
0.935	520.155	-6862.58	0.401354
0.94	518.203	-6860.62	0.399848
0.945	517.232	-6859.64	0.399099
0.95	517.349	-6859.76	0.399189
0.955	518.494	-6860.92	0.400073
0.96	520.487	-6862.93	0.40161
0.965	523.104	-6865.56	0.40363
0.97	526.163	-6868.62	0.40599
0.975	529.559	-6872.02	0.40861
0.98	533.256	-6875.71	0.411463
0.985	537.227	-6879.69	0.414527
0.99	541.392	-6883.86	0.417741
0.995	545.564	-6888.05	0.42096
1	549.449	-6891.96	0.423958
1.005	552.692	-6895.22	0.42646
1.01	554.954	-6897.5	0.428205
1.015	555.995	-6898.55	0.429009
1.02	555.727	-6898.28	0.428801
1.025	554.226	-6896.76	0.427643
1.03	551.719	-6894.23	0.425709
1.035	548.539	-6891.03	0.423255
1.04	545.052	-6887.52	0.420565
1.045	541.585	-6884.04	0.41789
1.05	538.367	-6880.82	0.415407
1.055	535.497	-6877.95	0.413192
1.06	532.966	-6875.43	0.411239
1.065	530.706	-6873.17	0.409495
1.07	528.655	-6871.12	0.407912
1.075	526.811	-6869.28	0.40649
1.08	525.259	-6867.71	0.405292
1.085	524.146	-6866.59	0.404434
1.09	523.645	-6866.08	0.404047
1.095	523.882	-6866.31	0.40423
1.1	524.893	-6867.33	0.40501
1.105	526.589	-6869.04	0.406319
1.11	528.775	-6871.24	0.408005
1.115	531.185	-6873.67	0.409865
1.12	533.54	-6876.04	0.411682
1.125	535.605	-6878.11	0.413276
1.13	537.221	-6879.73	0.414522
1.135	538.311	-6880.82	0.415364
1.14	538.863	-6881.37	0.415789
1.145	538.889	-6881.4	0.41581
1.15	538.395	-6880.91	0.415428
1.155	537.358	-6879.88	0.414628
1.16	535.743	-6878.26	0.413382
1.165	533.538	-6876.06	0.41168
1.17	530.806	-6873.32	0.409573
1.175	527.725	-6870.22	0.407196
1.18	524.588	-6867.06	0.404775
1.185	521.771	-6864.21	0.402601
1.19	519.666	-6862.09	0.400977
1.195	518.605	-6861.01	0.400158
1.2	518.793	-6861.2	0.400303
1.205	520.271	-6862.68	0.401444
1.21	522.917	-6865.34	0.403485
1.215	526.474	-6868.92	0.40623
1.22	530.61	-6873.07	0.409422
1.225	534.963	-6877.45	0.41278
1.23	539.174	-6881.67	0.416029
1.235	542.913	-6885.43	0.418915
1.24	545.887	-6888.42	0.421209
1.245	547.854	-6890.39	0.422727
1.25	548.649	-6891.19	0.42334
1.255	548.205	-6890.75	0.422998
1.26	546.573	-6889.1	0.421739
1.265	543.919	-6886.44	0.419691
1.27	540.5	-6883	0.417052
1.275	536.62	-6879.1	0.414059
1.28	532.605	-6875.07	0.410961
1.285	528.782	-6871.23	0.408011
1.29	525.465	-6867.89	0.405451
1.295	522.917	-6865.33	0.403485
1.3	521.322	-6863.73	0.402254
1.305	520.772	-6863.18	0.40183
1.31	521.295	-6863.71	0.402234
1.315	522.881	-6865.29	0.403458
1.32	525.494	-6867.91	0.405473
1.325	529.044	-6871.47	0.408213
1.33	533.361	-6875.8	0.411544
1.335	538.166	-6880.63	0.415252
1.34	543.081	-6885.57	0.419044
1.345	547.67	-6890.19	0.422585
1.35	551.503	-6894.04	0.425542
1.355	554.216	-6896.77	0.427636
1.36	555.561	-6898.12	0.428674
1.365	555.426	-6897.98	0.428569
1.37	553.847	-6896.4	0.427351
1.375	551.004	-6893.54	0.425158
1.38	547.213	-6889.72	0.422232
1.385	542.891	-6885.37	0.418897
1.39	538.509	-6880.97	0.415516
1.395	534.517	-6876.96	0.412436
1.4	531.261	-6873.69	0.409924
1.405	528.941	-6871.37	0.408133
1.41	527.597	-6870.04	0.407097
1.415	527.151	-6869.6	0.406752
1.42	527.451	-6869.92	0.406984
1.425	528.333	-6870.81	0.407665
1.43	529.653	-6872.13	0.408683
1.435	531.294	-6873.78	0.409949
1.44	533.158	-6875.65	0.411387
1.445	535.143	-6877.64	0.412919
1.45	537.145	-6879.65	0.414464
1.455	539.073	-6881.58	0.415952
1.46	540.87	-6883.37	0.417338
1.465	542.525	-6885.03	0.418615
1.47	544.057	-6886.55	0.419797
1.475	545.489	-6887.98	0.420902
1.48	546.823	-6889.32	0.421931
1.485	548.026	-6890.52	0.42286
1.49	549.037	-6891.54	0.42364
1.495	549.769	-6892.27	0.424205
1.5	550.114	-6892.63	0.42447
1.505	549.948	-6892.47	0.424343
1.51	549.157	-6891.68	0.423733
1.515	547.66	-6890.19	0.422577
1.52	545.433	-6887.96	0.420859
1.525	542.523	-6885.04	0.418614
1.53	539.047	-6881.55	0.415931
1.535	535.187	-6877.68	0.412953
1.54	531.192	-6873.67	0.409871
1.545	527.373	-6869.83	0.406924
1.55	524.082	-6866.51	0.404384
1.555	521.675	-6864.09	0.402527
1.56	520.444	-6862.84	0.401577
1.565	520.548	-6862.95	0.401657
1.57	521.947	-6864.36	0.402737
1.575	524.396	-6866.84	0.404627
1.58	527.507	-6869.97	0.407027
1.585	530.863	-6873.35	0.409616
1.59	534.114	-6876.61	0.412125
1.595	537.029	-6879.53	0.414375
1.6	539.488	-6881.99	0.416272
1.605	541.43	-6883.94	0.41777
1.61	542.802	-6885.31	0.418828
1.615	543.525	-6886.05	0.419387
1.62	543.486	-6886.02	0.419357
1.625	542.557	-6885.1	0.41864
1.63	540.641	-6883.18	0.417161
1.635	537.725	-6880.26	0.414911
1.64	533.923	-6876.44	0.411977
1.645	529.499	-6872	0.408564
1.65	524.855	-6867.32	0.40498
1.655	520.479	-6862.91	0.401604
1.66	516.867	-6859.28	0.398817
1.665	514.427	-6856.82	0.396935
1.67	513.408	-6855.8	0.396148
1.675	513.854	-6856.26	0.396492
1.68	515.611	-6858.03	0.397848
1.685	518.368	-6860.82	0.399975
1.69	521.724	-6864.2	0.402565
1.695	525.274	-6867.77	0.405304
1.7	528.684	-6871.19	0.407935
1.705	531.749	-6874.26	0.4103
1.71	534.404	-6876.91	0.412349
1.715	536.713	-6879.2	0.41413
1.72	538.813	-6881.29	0.415751
1.725	540.857	-6883.33	0.417328
1.73	542.951	-6885.42	0.418944
1.735	545.107	-6887.58	0.420607
1.74	547.229	-6889.71	0.422245
1.745	549.128	-6891.63	0.42371
1.75	550.569	-6893.08	0.424822
1.755	551.328	-6893.85	0.425408
1.76	551.247	-6893.78	0.425345
1.765	550.266	-6892.79	0.424588
1.77	548.435	-6890.95	0.423175
1.775	545.9	-6888.4	0.421219
1.78	542.87	-6885.36	0.418881
1.785	539.579	-6882.05	0.416342
1.79	536.254	-6878.71	0.413776
1.795	533.098	-6875.55	0.411341
1.8	530.272	-6872.72	0.40916
1.805	527.89	-6870.33	0.407322
1.81	526.024	-6868.46	0.405883
1.815	524.716	-6867.15	0.404873
1.82	524	-6866.44	0.404321
1.825	523.919	-6866.35	0.404258
1.83	524.518	-6866.95	0.404721
1.835	525.823	-6868.26	0.405728
1.84	527.799	-6870.24	0.407252
1.845	530.316	-6872.77	0.409195
1.85	533.153	-6875.63	0.411384
1.855	536.022	-6878.51	0.413598
1.86	538.632	-6881.14	0.415611
1.865	540.748	-6883.26	0.417244
1.87	542.233	-6884.75	0.41839
1.875	543.044	-6885.56	0.419016
1.88	543.198	-6885.71	0.419134
1.885	542.721	-6885.23	0.418766
1.89	541.61	-6884.12	0.417909
1.895	539.831	-6882.35	0.416536
1.9	537.355	-6879.87	0.414626
1.905	534.22	-6876.73	0.412207
1.91	530.591	-6873.08	0.409407
1.915	526.779	-6869.24	0.406465
1.92	523.201	-6865.64	0.403704
1.925	520.294	-6862.7	0.401461
1.93	518.418	-6860.81	0.400014
1.935	517.783	-6860.18	0.399524
1.94	518.419	-6860.82	0.400015
1.945	520.181	-6862.6	0.401374
1.95	522.78	-6865.22	0.40338
1.955	525.854	-6868.31	0.405751
1.96	529.039	-6871.52	0.408209
1.965	532.052	-6874.54	0.410534
1.97	534.72	-6877.21	0.412592
1.975	536.987	-6879.47	0.414342
1.98	538.87	-6881.35	0.415795
1.985	540.41	-6882.89	0.416983
1.99	541.627	-6884.1	0.417922
1.995	542.51	-6884.99	0.418603
2	543.027	-6885.51	0.419002
2.005	543.156	-6885.64	0.419102
2.01	542.91	-6885.39	0.418912
2.015	542.337	-6884.82	0.41847
2.02	541.512	-6883.99	0.417833
2.025	540.52	-6882.99	0.417068
2.03	539.445	-6881.91	0.416238
2.035	538.363	-6880.83	0.415404
2.04	537.342	-6879.81	0.414616
2.045	536.427	-6878.89	0.41391
2.05	535.638	-6878.11	0.413301
2.055	534.964	-6877.43	0.412781
2.06	534.378	-6876.85	0.412329
2.065	533.847	-6876.32	0.411919
2.07	533.338	-6875.81	0.411526
2.075	532.834	-6875.31	0.411137
2.08	532.333	-6874.81	0.410751
2.085	531.844	-6874.32	0.410373
2.09	531.365	-6873.84	0.410004
2.095	530.877	-6873.35	0.409627
2.1	530.349	-6872.82	0.40922
2.105	529.756	-6872.23	0.408762
2.11	529.092	-6871.56	0.40825
2.115	528.375	-6870.84	0.407696
2.12	527.632	-6870.1	0.407123
2.125	526.898	-6869.36	0.406557
2.13	526.21	-6868.67	0.406026
2.135	525.611	-6868.07	0.405564
2.14	525.152	-6867.61	0.40521
2.145	524.876	-6867.33	0.404997
2.15	524.809	-6867.26	0.404945
2.155	524.949	-6867.41	0.405053
2.16	525.264	-6867.72	0.405296
2.165	525.711	-6868.17	0.405641
2.17	526.247	-6868.71	0.406054
2.175	526.841	-6869.3	0.406513
2.18	527.479	-6869.94	0.407006
2.185	528.16	-6870.62	0.40753
2.19	528.882	-6871.34	0.408088
2.195	529.645	-6872.11	0.408677
2.2	530.445	-6872.91	0.409294
2.205	531.291	-6873.75	0.409947
2.21	532.201	-6874.66	0.410649
2.215	533.206	-6875.66	0.411424
2.22	534.324	-6876.78	0.412287
2.225	535.548	-6878.01	0.413231
2.23	536.821	-6879.29	0.414214
2.235	538.04	-6880.52	0.415154
2.24	539.058	-6881.55	0.41594
2.245	539.725	-6882.22	0.416455
2.25	539.927	-6882.43	0.41661
2.255	539.632	-6882.13	0.416383
2.26	538.913	-6881.4	0.415828
2.265	537.943	-6880.42	0.415079
2.27	536.945	-6879.41	0.414309
2.275	536.138	-6878.59	0.413687
2.28	535.677	-6878.13	0.413331
2.285	535.622	-6878.07	0.413289
2.29	535.932	-6878.39	0.413528
2.295	536.495	-6878.96	0.413962
2.3	537.173	-6879.65	0.414485
2.305	537.857	-6880.34	0.415013
2.31	538.504	-6880.98	0.415513
2.315	539.15	-6881.62	0.416011
2.32	539.886	-6882.35	0.416579
2.325	540.816	-6883.27	0.417296
2.33	542.004	-6884.46	0.418213
2.335	543.436	-6885.9	0.419318
2.34	545.004	-6887.48	0.420528
2.345	546.534	-6889.03	0.421709
2.35	547.833	-6890.34	0.422711
2.355	548.746	-6891.26	0.423415
2.36	549.199	-6891.71	0.423765
2.365	549.215	-6891.72	0.423777
2.37	548.895	-6891.39	0.42353
2.375	548.384	-6890.87	0.423136
2.38	547.824	-6890.3	0.422704
2.385	547.317	-6889.79	0.422312
2.39	546.888	-6889.37	0.421981
2.395	546.478	-6888.97	0.421665
2.4	545.949	-6888.45	0.421257
2.405	545.115	-6887.63	0.420613
2.41	543.787	-6886.31	0.419588
2.415	541.823	-6884.35	0.418073
2.42	539.169	-6881.69	0.416025
2.425	535.881	-6878.39	0.413489
2.43	532.123	-6874.62	0.410589
2.435	528.138	-6870.62	0.407514
2.44	524.2	-6866.67	0.404475
2.445	520.55	-6863.01	0.401659
2.45	517.349	-6859.81	0.399189
2.455	514.664	-6857.12	0.397117
2.46	512.491	-6854.96	0.39544
2.465	510.807	-6853.27	0.394141
2.47	509.619	-6852.08	0.393224
2.475	508.987	-6851.44	0.392737
2.48	509.007	-6851.46	0.392753
2.485	509.771	-6852.22	0.393342
2.49	511.314	-6853.76	0.394533
2.495	513.597	-6856.05	0.396294
2.5	516.499	-6858.96	0.398533
2.505	519.854	-6862.33	0.401122
2.51	523.477	-6865.96	0.403918
2.515	527.201	-6869.69	0.406791
2.52	530.898	-6873.39	0.409643
2.525	534.485	-6876.98	0.412411
2.53	537.92	-6880.41	0.415062
2.535	541.183	-6883.67	0.417579
2.54	544.254	-6886.74	0.419949
2.545	547.109	-6889.6	0.422152
2.55	549.713	-6892.2	0.424161
2.555	552.024	-6894.51	0.425944
2.56	553.993	-6896.49	0.427464
2.565	555.561	-6898.06	0.428673
2.57	556.658	-6899.16	0.42952
2.575	557.216	-6899.72	0.429951
2.58	557.18	-6899.68	0.429923
2.585	556.527	-6899.03	0.429419
2.59	555.281	-6897.78	0.428457
2.595	553.512	-6896	0.427092
2.6	551.331	-6893.81	0.42541
2.605	548.878	-6891.35	0.423517
2.61	546.301	-6888.77	0.421529
2.615	543.741	-6886.2	0.419553
2.62	541.309	-6883.76	0.417677
2.625	539.084	-6881.54	0.41596
2.63	537.105	-6879.56	0.414433
2.635	535.379	-6877.84	0.413101
2.64	533.902	-6876.36	0.411962
2.645	532.669	-6875.13	0.41101
2.65	531.678	-6874.14	0.410245
2.655	530.928	-6873.39	0.409667
2.66	530.395	-6872.86	0.409255
2.665	530.014	-6872.48	0.408961
2.67	529.685	-6872.16	0.408708
2.675	529.3	-6871.78	0.40841
2.68	528.772	-6871.26	0.408003
2.685	528.066	-6870.55	0.407459
2.69	527.21	-6869.69	0.406798
2.695	526.287	-6868.75	0.406086
2.7	525.418	-6867.87	0.405415
2.705	524.733	-6867.18	0.404887
2.71	524.344	-6866.79	0.404587
2.715	524.323	-6866.77	0.40457
2.72	524.706	-6867.15	0.404866
2.725	525.513	-6867.95	0.405489
2.73	526.75	-6869.19	0.406443
2.735	528.397	-6870.84	0.407714
2.74	530.381	-6872.84	0.409245
2.745	532.56	-6875.03	0.410926
2.75	534.726	-6877.21	0.412597
2.755	536.654	-6879.15	0.414085
2.76	538.163	-6880.66	0.415249
2.765	539.174	-6881.67	0.416029
2.77	539.732	-6882.22	0.41646
2.775	539.995	-6882.46	0.416663
2.78	540.174	-6882.63	0.416801
2.785	540.471	-6882.92	0.41703
2.79	541.013	-6883.46	0.417448
2.795	541.819	-6884.27	0.41807
2.8	542.801	-6885.26	0.418828
2.805	543.785	-6886.26	0.419587
2.81	544.557	-6887.05	0.420183
2.815	544.916	-6887.42	0.42046
2.82	544.708	-6887.22	0.420299
2.825	543.855	-6886.36	0.419641
2.83	542.362	-6884.87	0.41849
2.835	540.302	-6882.8	0.416899
2.84	537.786	-6880.28	0.414958
2.845	534.949	-6877.44	0.412769
2.85	531.936	-6874.42	0.410445
2.855	528.911	-6871.38	0.408111
2.86	526.057	-6868.52	0.405909
2.865	523.575	-6866.02	0.403993
2.87	521.66	-6864.1	0.402515
2.875	520.472	-6862.91	0.401599
2.88	520.112	-6862.55	0.401321
2.885	520.599	-6863.04	0.401697
2.89	521.854	-6864.3	0.402665
2.895	523.71	-6866.17	0.404097
2.9	525.939	-6868.42	0.405817
2.905	528.315	-6870.8	0.40765
2.91	530.654	-6873.15	0.409455
2.915	532.822	-6875.32	0.411128
2.92	534.714	-6877.22	0.412588
2.925	536.231	-6878.74	0.413758
2.93	537.272	-6879.78	0.414562
2.935	537.763	-6880.28	0.414941
2.94	537.688	-6880.2	0.414883
2.945	537.116	-6879.62	0.414441
2.95	536.199	-6878.69	0.413733
2.955	535.144	-6877.62	0.41292
2.96	534.178	-6876.64	0.412175
2.965	533.517	-6875.96	0.411664
2.97	533.334	-6875.77	0.411523
2.975	533.731	-6876.17	0.411829
2.98	534.706	-6877.15	0.412582
2.985	536.145	-6878.6	0.413692
2.99	537.837	-6880.31	0.414998
2.995	539.521	-6882.01	0.416297
3	540.936	-6883.44	0.417389
3.005	541.872	-6884.38	0.418111
3.01	542.192	-6884.7	0.418358
3.015	541.844	-6884.35	0.41809
3.02	540.862	-6883.36	0.417332
3.025	539.356	-6881.85	0.416169
3.03	537.501	-6879.98	0.414739
3.035	535.525	-6877.98	0.413214
3.04	533.683	-6876.13	0.411793
3.045	532.238	-6874.67	0.410678
3.05	531.427	-6873.84	0.410052
3.055	531.423	-6873.83	0.410048
3.06	532.295	-6874.71	0.410721
3.065	533.977	-6876.41	0.41202
3.07	536.262	-6878.71	0.413783
3.075	538.821	-6881.3	0.415757
3.08	541.259	-6883.76	0.417638
3.085	543.178	-6885.7	0.419118
3.09	544.242	-6886.78	0.41994
3.095	544.238	-6886.78	0.419937
3.1	543.115	-6885.65	0.41907
3.105	541.003	-6883.52	0.41744
3.11	538.208	-6880.7	0.415284
3.115	535.168	-6877.63	0.412938
3.12	532.38	-6874.81	0.410787
3.125	530.31	-6872.72	0.40919
3.13	529.306	-6871.71	0.408415
3.135	529.531	-6871.93	0.408589
3.14	530.939	-6873.36	0.409675
3.145	533.286	-6875.73	0.411486
3.15	536.186	-6878.66	0.413724
3.155	539.178	-6881.68	0.416032
3.16	541.804	-6884.33	0.418059
3.165	543.677	-6886.22	0.419504
3.17	544.527	-6887.08	0.42016
3.175	544.244	-6886.79	0.419941
3.18	542.88	-6885.41	0.418889
3.185	540.644	-6883.16	0.417164
3.19	537.865	-6880.35	0.41502
3.195	534.934	-6877.4	0.412758
3.2	532.232	-6874.68	0.410673
3.205	530.063	-6872.5	0.408999
3.21	528.6	-6871.04	0.40787
3.215	527.857	-6870.3	0.407297
3.22	527.709	-6870.17	0.407183
3.225	527.954	-6870.43	0.407372
3.23	528.397	-6870.88	0.407714
3.235	528.928	-6871.41	0.408124
3.24	529.559	-6872.03	0.40861
3.245	530.403	-6872.86	0.409261
3.25	531.6	-6874.05	0.410185
3.255	533.223	-6875.68	0.411437
3.26	535.204	-6877.67	0.412966
3.265	537.328	-6879.81	0.414605
3.27	539.292	-6881.8	0.41612
3.275	540.8	-6883.32	0.417284
3.28	541.653	-6884.17	0.417942
3.285	541.797	-6884.31	0.418054
3.29	541.326	-6883.82	0.41769
3.295	540.44	-6882.92	0.417006
3.3	539.383	-6881.85	0.41619
3.305	538.381	-6880.83	0.415417
3.31	537.6	-6880.05	0.414815
3.315	537.129	-6879.58	0.414451
3.32	536.985	-6879.44	0.41434
3.325	537.128	-6879.58	0.41445
3.33	537.477	-6879.94	0.41472
3.335	537.923	-6880.4	0.415064
3.34	538.346	-6880.83	0.41539
3.345	538.63	-6881.12	0.415609
3.35	538.681	-6881.18	0.415649
3.355	538.441	-6880.94	0.415464
3.36	537.895	-6880.39	0.415043
3.365	537.07	-6879.56	0.414406
3.37	536.024	-6878.52	0.413599
3.375	534.833	-6877.32	0.412679
3.38	533.568	-6876.06	0.411703
3.385	532.291	-6874.78	0.410719
3.39	531.059	-6873.54	0.409768
3.395	529.925	-6872.41	0.408893
3.4	528.952	-6871.43	0.408142
3.405	528.205	-6870.68	0.407566
3.41	527.754	-6870.22	0.407217
3.415	527.656	-6870.12	0.407142
3.42	527.95	-6870.42	0.407369
3.425	528.634	-6871.1	0.407897
3.43	529.656	-6872.13	0.408685
3.435	530.901	-6873.38	0.409646
3.44	532.206	-6874.7	0.410653
3.445	533.387	-6875.89	0.411564
3.45	534.289	-6876.79	0.41226
3.455	534.828	-6877.33	0.412676
3.46	535.02	-6877.51	0.412824
3.465	534.977	-6877.46	0.412791
3.47	534.869	-6877.34	0.412708
3.475	534.867	-6877.33	0.412706
3.48	535.075	-6877.53	0.412867
3.485	535.495	-6877.96	0.41319
3.49	536.016	-6878.49	0.413592
3.495	536.456	-6878.95	0.413932
3.5	536.619	-6879.12	0.414058
3.505	536.352	-6878.86	0.413852
3.51	535.585	-6878.09	0.41326
3.515	534.337	-6876.84	0.412297
3.52	532.712	-6875.2	0.411043
3.525	530.878	-6873.36	0.409628
3.53	529.04	-6871.51	0.40821
3.535	527.415	-6869.87	0.406956
3.54	526.196	-6868.64	0.406015
3.545	525.51	-6867.96	0.405486
3.55	525.394	-6867.85	0.405397
3.555	525.794	-6868.26	0.405706
3.56	526.587	-6869.06	0.406317
3.565	527.626	-6870.11	0.407118
3.57	528.791	-6871.27	0.408018
3.575	530.027	-6872.51	0.408972
3.58	531.347	-6873.82	0.40999
3.585	532.816	-6875.29	0.411124
3.59	534.506	-6876.97	0.412427
3.595	536.452	-6878.92	0.413929
3.6	538.629	-6881.1	0.415609
3.605	540.954	-6883.44	0.417403
3.61	543.316	-6885.81	0.419225
3.615	545.612	-6888.11	0.420997
3.62	547.759	-6890.26	0.422653
3.625	549.677	-6892.18	0.424134
3.63	551.262	-6893.78	0.425357
3.635	552.376	-6894.9	0.426216
3.64	552.874	-6895.4	0.426601
3.645	552.649	-6895.18	0.426426
3.65	551.661	-6894.19	0.425664
3.655	549.958	-6892.48	0.42435
3.66	547.655	-6890.16	0.422573
3.665	544.916	-6887.41	0.42046
3.67	541.919	-6884.41	0.418147
3.675	538.837	-6881.31	0.415769
3.68	535.82	-6878.29	0.413441
3.685	532.997	-6875.46	0.411263
3.69	530.477	-6872.94	0.409318
3.695	528.354	-6870.81	0.407681
3.7	526.717	-6869.17	0.406417
3.705	525.635	-6868.08	0.405582
3.71	525.151	-6867.6	0.405209
3.715	525.267	-6867.72	0.405299
3.72	525.939	-6868.4	0.405817
3.725	527.09	-6869.55	0.406705
3.73	528.633	-6871.1	0.407896
3.735	530.489	-6872.96	0.409328
3.74	532.59	-6875.07	0.410949
3.745	534.865	-6877.35	0.412705
3.75	537.218	-6879.71	0.41452
3.755	539.52	-6882.02	0.416297
3.76	541.623	-6884.13	0.417919
3.765	543.379	-6885.89	0.419274
3.77	544.657	-6887.17	0.42026
3.775	545.353	-6887.87	0.420797
3.78	545.391	-6887.91	0.420826
3.785	544.735	-6887.25	0.42032
3.79	543.418	-6885.93	0.419304
3.795	541.561	-6884.06	0.417871
3.8	539.373	-6881.85	0.416183
3.805	537.117	-6879.58	0.414442
3.81	535.049	-6877.49	0.412846
3.815	533.353	-6875.79	0.411538
3.82	532.093	-6874.54	0.410566
3.825	531.196	-6873.65	0.409873
3.83	530.479	-6872.95	0.40932
3.835	529.718	-6872.2	0.408733
3.84	528.724	-6871.22	0.407966
3.845	527.393	-6869.88	0.406939
3.85	525.739	-6868.22	0.405663
3.855	523.877	-6866.35	0.404226
3.86	522.008	-6864.46	0.402784
3.865	520.381	-6862.82	0.401529
3.87	519.263	-6861.69	0.400666
3.875	518.888	-6861.3	0.400377
3.88	519.413	-6861.83	0.400782
3.885	520.873	-6863.3	0.401908
3.89	523.156	-6865.6	0.40367
3.895	526.017	-6868.48	0.405877
3.9	529.124	-6871.61	0.408275
3.905	532.132	-6874.64	0.410596
3.91	534.751	-6877.27	0.412616
3.915	536.789	-6879.31	0.414189
3.92	538.168	-6880.69	0.415253
3.925	538.9	-6881.42	0.415818
3.93	539.068	-6881.58	0.415947
3.935	538.8	-6881.3	0.415741
3.94	538.26	-6880.75	0.415324
3.945	537.636	-6880.12	0.414842
3.95	537.118	-6879.59	0.414443
3.955	536.878	-6879.34	0.414258
3.96	537.04	-6879.5	0.414383
3.965	537.663	-6880.12	0.414863
3.97	538.731	-6881.2	0.415687
3.975	540.152	-6882.63	0.416784
3.98	541.773	-6884.26	0.418035
3.985	543.401	-6885.9	0.419291
3.99	544.831	-6887.34	0.420394
3.995	545.882	-6888.4	0.421205
4	546.424	-6888.95	0.421623
4.005	546.399	-6888.92	0.421604
4.01	545.823	-6888.34	0.42116
4.015	544.772	-6887.28	0.420349
4.02	543.355	-6885.86	0.419256
4.025	541.688	-6884.19	0.417969
4.03	539.877	-6882.37	0.416572
4.035	538.023	-6880.51	0.415141
4.04	536.23	-6878.71	0.413757
4.045	534.618	-6877.09	0.412514
4.05	533.332	-6875.79	0.411522
4.055	532.515	-6874.97	0.410892
4.06	532.281	-6874.73	0.410711
4.065	532.67	-6875.12	0.411011
4.07	533.632	-6876.09	0.411753
4.075	535.033	-6877.5	0.412834
4.08	536.691	-6879.17	0.414113
4.085	538.423	-6880.91	0.41545
4.09	540.077	-6882.57	0.416726
4.095	541.547	-6884.04	0.41786
4.1	542.752	-6885.25	0.41879
4.105	543.619	-6886.12	0.419459
4.11	544.06	-6886.57	0.4198
4.115	543.987	-6886.5	0.419743
4.12	543.327	-6885.84	0.419234
4.125	542.059	-6884.57	0.418255
4.13	540.234	-6882.73	0.416847
4.135	537.976	-6880.46	0.415105
4.14	535.455	-6877.93	0.41316
4.145	532.847	-6875.31	0.411147
4.15	530.291	-6872.75	0.409175
4.155	527.867	-6870.33	0.407305
4.16	525.6	-6868.07	0.405556
4.165	523.492	-6865.96	0.403929
4.17	521.567	-6864.03	0.402444
4.175	519.903	-6862.35	0.40116
4.18	518.645	-6861.08	0.400189
4.185	517.972	-6860.4	0.39967
4.19	518.047	-6860.47	0.399728
4.195	518.949	-6861.38	0.400424
4.2	520.63	-6863.07	0.401721
4.205	522.906	-6865.36	0.403477
4.21	525.496	-6867.98	0.405475
4.215	528.07	-6870.57	0.407462
4.22	530.315	-6872.83	0.409194
4.225	531.982	-6874.51	0.41048
4.23	532.928	-6875.46	0.41121
4.235	533.148	-6875.67	0.41138
4.24	532.773	-6875.28	0.41109
4.245	532.038	-6874.53	0.410523
4.25	531.221	-6873.69	0.409893
4.255	530.571	-6873.03	0.409391
4.26	530.252	-6872.71	0.409145
4.265	530.313	-6872.78	0.409192
4.27	530.701	-6873.17	0.409492
4.275	531.301	-6873.78	0.409955
4.28	531.995	-6874.48	0.41049
4.285	532.71	-6875.2	0.411042
4.29	533.454	-6875.93	0.411615
4.295	534.295	-6876.77	0.412264
4.3	535.328	-6877.8	0.413061
4.305	536.62	-6879.09	0.414059
4.31	538.176	-6880.65	0.415259
4.315	539.938	-6882.42	0.416619
4.32	541.809	-6884.3	0.418063
4.325	543.678	-6886.18	0.419505
4.33	545.412	-6887.92	0.420843
4.335	546.837	-6889.36	0.421942
4.34	547.748	-6890.28	0.422645
4.345	547.969	-6890.51	0.422815
4.35	547.42	-6889.96	0.422392
4.355	546.15	-6888.68	0.421412
4.36	544.313	-6886.83	0.419994
4.365	542.125	-6884.62	0.418306
4.37	539.833	-6882.32	0.416538
4.375	537.683	-6880.15	0.414879
4.38	535.905	-6878.36	0.413507
4.385	534.691	-6877.14	0.41257
4.39	534.158	-6876.6	0.412159
4.395	534.329	-6876.78	0.412291
4.4	535.124	-6877.58	0.412904
4.405	536.391	-6878.86	0.413882
4.41	537.955	-6880.43	0.415089
4.415	539.67	-6882.15	0.416412
4.42	541.431	-6883.91	0.417771
4.425	543.166	-6885.65	0.419109
4.43	544.792	-6887.28	0.420364
4.435	546.19	-6888.69	0.421443
4.44	547.195	-6889.7	0.422219
4.445	547.613	-6890.14	0.422541
4.45	547.251	-6889.78	0.422262
4.455	545.96	-6888.5	0.421265
4.46	543.676	-6886.21	0.419503
4.465	540.453	-6882.98	0.417016
4.47	536.472	-6878.98	0.413944
4.475	532.039	-6874.53	0.410524
4.48	527.554	-6870.01	0.407063
4.485	523.469	-6865.9	0.403911
4.49	520.229	-6862.64	0.401412
4.495	518.205	-6860.6	0.39985
4.5	517.621	-6860.02	0.399399
4.505	518.509	-6860.92	0.400084
4.51	520.706	-6863.14	0.40178
4.515	523.903	-6866.36	0.404246
4.52	527.716	-6870.2	0.407188
4.525	531.769	-6874.27	0.410316
4.53	535.745	-6878.26	0.413384
4.535	539.406	-6881.93	0.416208
4.54	542.584	-6885.11	0.41866
4.545	545.163	-6887.69	0.42065
4.55	547.056	-6889.59	0.422111
4.555	548.204	-6890.74	0.422997
4.56	548.575	-6891.11	0.423283
4.565	548.168	-6890.7	0.422969
4.57	547.001	-6889.53	0.422069
4.575	545.102	-6887.63	0.420603
4.58	542.519	-6885.04	0.41861
4.585	539.349	-6881.86	0.416164
4.59	535.764	-6878.26	0.413398
4.595	532.022	-6874.5	0.410511
4.6	528.439	-6870.89	0.407746
4.605	525.339	-6867.78	0.405354
4.61	522.995	-6865.42	0.403546
4.615	521.583	-6864.01	0.402456
4.62	521.164	-6863.59	0.402133
4.625	521.688	-6864.13	0.402537
4.63	523.016	-6865.47	0.403562
4.635	524.94	-6867.41	0.405046
4.64	527.224	-6869.7	0.406809
4.645	529.634	-6872.12	0.408668
4.65	531.967	-6874.47	0.410468
4.655	534.073	-6876.58	0.412093
4.66	535.856	-6878.36	0.413469
4.665	537.275	-6879.78	0.414564
4.67	538.329	-6880.83	0.415377
4.675	539.041	-6881.54	0.415927
4.68	539.447	-6881.94	0.41624
4.685	539.584	-6882.08	0.416346
4.69	539.496	-6881.99	0.416278
4.695	539.233	-6881.72	0.416075
4.7	538.857	-6881.34	0.415785
4.705	538.44	-6880.92	0.415463
4.71	538.058	-6880.53	0.415168
4.715	537.787	-6880.26	0.414959
4.72	537.696	-6880.17	0.414889
4.725	537.839	-6880.31	0.414999
4.73	538.233	-6880.7	0.415303
4.735	538.844	-6881.32	0.415775
4.74	539.597	-6882.08	0.416355
4.745	540.389	-6882.88	0.416966
4.75	541.131	-6883.63	0.417539
4.755	541.775	-6884.27	0.418036
4.76	542.316	-6884.81	0.418454
4.765	542.784	-6885.28	0.418814
4.77	543.21	-6885.7	0.419144
4.775	543.609	-6886.1	0.419451
4.78	543.964	-6886.46	0.419725
4.785	544.233	-6886.73	0.419933
4.79	544.354	-6886.86	0.420026
4.795	544.255	-6886.77	0.41995
4.8	543.871	-6886.39	0.419654
4.805	543.157	-6885.67	0.419103
4.81	542.098	-6884.61	0.418285
4.815	540.728	-6883.24	0.417228
4.82	539.137	-6881.64	0.416001
4.825	537.479	-6879.97	0.414721
4.83	535.955	-6878.43	0.413545
4.835	534.782	-6877.24	0.412641
4.84	534.145	-6876.6	0.412149
4.845	534.148	-6876.6	0.412151
4.85	534.796	-6877.25	0.412651
4.855	535.991	-6878.46	0.413573
4.86	537.56	-6880.04	0.414784
4.865	539.286	-6881.78	0.416116
4.87	540.939	-6883.44	0.417391
4.875	542.306	-6884.82	0.418446
4.88	543.198	-6885.72	0.419134
4.885	543.464	-6885.99	0.41934
4.89	543.009	-6885.54	0.418988
4.895	541.81	-6884.33	0.418063
4.9	539.935	-6882.44	0.416617
4.905	537.544	-6880.04	0.414771
4.91	534.856	-6877.33	0.412698
4.915	532.112	-6874.58	0.410581
4.92	529.519	-6871.97	0.408579
4.925	527.21	-6869.66	0.406797
4.93	525.231	-6867.69	0.405271
4.935	523.554	-6866.01	0.403977
4.94	522.111	-6864.58	0.402864
4.945	520.829	-6863.3	0.401874
4.95	519.664	-6862.13	0.400976
4.955	518.627	-6861.09	0.400175
4.96	517.792	-6860.24	0.399531
4.965	517.3	-6859.74	0.399151
4.97	517.332	-6859.76	0.399176
4.975	518.066	-6860.48	0.399742
4.98	519.628	-6862.04	0.400948
4.985	522.05	-6864.47	0.402816
4.99	525.244	-6867.68	0.40528
4.995	529.018	-6871.47	0.408193
